145197488.29915 145197616.29915
145198896.29915 145199024.29915
145199024.29915 145199152.29915
145199152.29915 145199280.29915
145199920.29915 145200048.29915
145200048.29915 145200176.29915
145200176.29915 145200304.29915
145200304.29915 145200432.29915
145200432.29915 145200560.29915
145200560.29915 145200688.29915
145200688.29915 145200816.29915
145200944.29915 145201072.29915
145201200.29915 145201328.29915
145201968.29915 145202096.29915
145202096.29915 145202224.29915
145202352.29915 145202480.29915
145202608.29915 145202736.29915
145202992.29915 145203120.29915
145203120.29915 145203248.29915
145203248.29915 145203376.29915
145203504.29915 145203632.29915
145203760.29915 145203888.29915
145203888.29915 145204016.29915
145204400.29915 145204528.29915
145204656.29915 145204784.29915
145204912.29915 145205040.29915
145205040.29915 145205168.29915
145205168.29915 145205296.29915
145205424.29915 145205552.29915
145205680.29915 145205808.29915
145205808.29915 145205936.29915
145206576.29915 145206704.29915
145206704.29915 145206832.29915
145206832.29915 145206960.29915
145206960.29915 145207088.29915
145207088.29915 145207216.29915
145207728.29915 145207856.29915
145207856.29915 145207984.29915
145207984.29915 145208112.29915
145208112.29915 145208240.29915
145208240.29915 145208368.29915
145208496.29915 145208624.29915
145208880.29915 145209008.29915
145209008.29915 145209136.29915
145209264.29915 145209392.29915
145209392.29915 145209520.29915
145209520.29915 145209648.29915
145209776.29915 145209904.29915
145209904.29915 145210032.29915
145210032.29915 145210160.29915
145210416.29915 145210544.29915
145210544.29915 145210672.29915
145210800.29915 145210928.29915
145210928.29915 145211056.29915
145211056.29915 145211184.29915
145211184.29915 145211312.29915
145211312.29915 145211440.29915
145211696.29915 145211824.29915
145211952.29915 145212080.29915
145212848.29915 145212976.29915
145212976.29915 145213104.29915
145213616.29915 145213744.29915
145215024.29915 145215152.29915
145215152.29915 145215280.29915
145215280.29915 145215408.29915
145215536.29915 145215664.29915
145215664.29915 145215792.29915
145215920.29915 145216048.29915
145216304.29915 145216432.29915
145216432.29915 145216560.29915
145216688.29915 145216816.29915
145216816.29915 145216944.29915
145217456.29915 145217584.29915
145217584.29915 145217712.29915
145217840.29915 145217968.29915
145217968.29915 145218096.29915
145219376.29915 145219504.29915
145219504.29915 145219632.29915
145222064.29915 145222192.29915
145222192.29915 145222320.29915
145222704.29915 145222832.29915
145223088.29915 145223216.29915
145223216.29915 145223344.29915
145223344.29915 145223472.29915
145223984.29915 145224112.29915
145224112.29915 145224240.29915
145224240.29915 145224368.29915
145226032.29915 145226160.29915
145226800.29915 145226928.29915
145227824.29915 145227952.29915
145227952.29915 145228080.29915
145228208.29915 145228336.29915
145228976.29915 145229104.29915
145229744.29915 145229872.29915
145230000.29915 145230128.29915
145230128.29915 145230256.29915
145230256.29915 145230384.29915
145230384.29915 145230512.29915
145231664.29915 145231792.29915
145231792.29915 145231920.29915
145232432.29915 145232560.29915
145232944.29915 145233072.29915
145233072.29915 145233200.29915
145233840.29915 145233968.29915
145234224.29915 145234352.29915
145234480.29915 145234608.29915
145234608.29915 145234736.29915
145234992.29915 145235120.29915
145235248.29915 145235376.29915
145235760.29915 145235888.29915
145235888.29915 145236016.29915
145236144.29915 145236272.29915
145237680.29915 145237808.29915
145237808.29915 145237936.29915
145237936.29915 145238064.29915
145238064.29915 145238192.29915
145238192.29915 145238320.29915
145238448.29915 145238576.29915
145238704.29915 145238832.29915
145238832.29915 145238960.29915
145239088.29915 145239216.29915
145239344.29915 145239472.29915
145239472.29915 145239600.29915
145239984.29915 145240112.29915
145240240.29915 145240368.29915
145240624.29915 145240752.29915
145241392.29915 145241520.29915
145241648.29915 145241776.29915
145242672.29915 145242800.29915
145242800.29915 145242928.29915
145242928.29915 145243056.29915
145243952.29915 145244080.29915
145244208.29915 145244336.29915
145244336.29915 145244464.29915
145244464.29915 145244592.29915
145244592.29915 145244720.29915
145244720.29915 145244848.29915
145244848.29915 145244976.29915
145244976.29915 145245104.29915
145245104.29915 145245232.29915
145245232.29915 145245360.29915
145245488.29915 145245616.29915
145245744.29915 145245872.29915
145245872.29915 145246000.29915
145246000.29915 145246128.29915
145246128.29915 145246256.29915
145246256.29915 145246384.29915
145246384.29915 145246512.29915
145246512.29915 145246640.29915
145246640.29915 145246768.29915
145246768.29915 145246896.29915
145246896.29915 145247024.29915
145247280.29915 145247408.29915
145247408.29915 145247536.29915
145247536.29915 145247664.29915
