145197232.29915 145197360.29915
145197360.29915 145197488.29915
145197616.29915 145197744.29915
145197744.29915 145197872.29915
145197872.29915 145198000.29915
145198000.29915 145198128.29915
145198128.29915 145198256.29915
145198256.29915 145198384.29915
145198384.29915 145198512.29915
145198512.29915 145198640.29915
145198640.29915 145198768.29915
145198768.29915 145198896.29915
145199280.29915 145199408.29915
145199408.29915 145199536.29915
145199536.29915 145199664.29915
145199664.29915 145199792.29915
145199792.29915 145199920.29915
145200816.29915 145200944.29915
145201072.29915 145201200.29915
145201328.29915 145201456.29915
145202224.29915 145202352.29915
145202480.29915 145202608.29915
145202736.29915 145202864.29915
145202864.29915 145202992.29915
145203376.29915 145203504.29915
145203632.29915 145203760.29915
145204016.29915 145204144.29915
145204144.29915 145204272.29915
145204272.29915 145204400.29915
145204528.29915 145204656.29915
145204784.29915 145204912.29915
145205296.29915 145205424.29915
145205552.29915 145205680.29915
145208368.29915 145208496.29915
145208624.29915 145208752.29915
145208752.29915 145208880.29915
145209136.29915 145209264.29915
145209648.29915 145209776.29915
145210160.29915 145210288.29915
145210288.29915 145210416.29915
145210672.29915 145210800.29915
145211440.29915 145211568.29915
145211568.29915 145211696.29915
145211824.29915 145211952.29915
145213744.29915 145213872.29915
145213872.29915 145214000.29915
145214000.29915 145214128.29915
145214128.29915 145214256.29915
145214256.29915 145214384.29915
145214384.29915 145214512.29915
145214512.29915 145214640.29915
145214640.29915 145214768.29915
145214768.29915 145214896.29915
145214896.29915 145215024.29915
145215408.29915 145215536.29915
145215792.29915 145215920.29915
145216048.29915 145216176.29915
145216176.29915 145216304.29915
145216560.29915 145216688.29915
145216944.29915 145217072.29915
145217072.29915 145217200.29915
145217200.29915 145217328.29915
145217328.29915 145217456.29915
145217712.29915 145217840.29915
145218096.29915 145218224.29915
145219632.29915 145219760.29915
145219760.29915 145219888.29915
145219888.29915 145220016.29915
145220016.29915 145220144.29915
145220144.29915 145220272.29915
145220272.29915 145220400.29915
145220400.29915 145220528.29915
145220528.29915 145220656.29915
145220656.29915 145220784.29915
145220784.29915 145220912.29915
145220912.29915 145221040.29915
145221040.29915 145221168.29915
145221168.29915 145221296.29915
145221296.29915 145221424.29915
145221424.29915 145221552.29915
145221552.29915 145221680.29915
145221680.29915 145221808.29915
145221808.29915 145221936.29915
145221936.29915 145222064.29915
145222320.29915 145222448.29915
145222448.29915 145222576.29915
145222576.29915 145222704.29915
145222832.29915 145222960.29915
145222960.29915 145223088.29915
145223472.29915 145223600.29915
145223600.29915 145223728.29915
145223728.29915 145223856.29915
145223856.29915 145223984.29915
145225264.29915 145225392.29915
145225392.29915 145225520.29915
145225520.29915 145225648.29915
145225648.29915 145225776.29915
145225776.29915 145225904.29915
145225904.29915 145226032.29915
145226160.29915 145226288.29915
145226288.29915 145226416.29915
145226416.29915 145226544.29915
145226544.29915 145226672.29915
145226672.29915 145226800.29915
145226928.29915 145227056.29915
145227056.29915 145227184.29915
145227184.29915 145227312.29915
145227312.29915 145227440.29915
145227440.29915 145227568.29915
145227568.29915 145227696.29915
145227696.29915 145227824.29915
145228080.29915 145228208.29915
145228336.29915 145228464.29915
145228464.29915 145228592.29915
145228592.29915 145228720.29915
145228720.29915 145228848.29915
145228848.29915 145228976.29915
145229104.29915 145229232.29915
145229232.29915 145229360.29915
145229360.29915 145229488.29915
145229488.29915 145229616.29915
145229616.29915 145229744.29915
145229872.29915 145230000.29915
145231536.29915 145231664.29915
145231920.29915 145232048.29915
145232048.29915 145232176.29915
145232176.29915 145232304.29915
145232304.29915 145232432.29915
145232560.29915 145232688.29915
145232688.29915 145232816.29915
145232816.29915 145232944.29915
145233200.29915 145233328.29915
145233328.29915 145233456.29915
145233456.29915 145233584.29915
145233584.29915 145233712.29915
145233712.29915 145233840.29915
145233968.29915 145234096.29915
145234096.29915 145234224.29915
145234352.29915 145234480.29915
145234736.29915 145234864.29915
145234864.29915 145234992.29915
145235120.29915 145235248.29915
145235376.29915 145235504.29915
145235504.29915 145235632.29915
145235632.29915 145235760.29915
145236016.29915 145236144.29915
145238320.29915 145238448.29915
145238576.29915 145238704.29915
145238960.29915 145239088.29915
145239216.29915 145239344.29915
145239600.29915 145239728.29915
145239728.29915 145239856.29915
145239856.29915 145239984.29915
145240112.29915 145240240.29915
145240368.29915 145240496.29915
145240496.29915 145240624.29915
145240752.29915 145240880.29915
145240880.29915 145241008.29915
145241008.29915 145241136.29915
145241136.29915 145241264.29915
145241264.29915 145241392.29915
145241520.29915 145241648.29915
145241776.29915 145241904.29915
145241904.29915 145242032.29915
145242032.29915 145242160.29915
145243824.29915 145243952.29915
145244080.29915 145244208.29915
145245360.29915 145245488.29915
145245616.29915 145245744.29915
145247024.29915 145247152.29915
145247152.29915 145247280.29915
145247664.29915 145247792.29915
145247792.29915 145247920.29915
